% specify:
A = [85, -25, -50;
    -75, 35, 150;
    4.3, -3.3, -1];

b = [200; 0; 0];

% evaluate:
x = A\b