% specify:
A = [(1/90 + 1/60), 1/90, -(1/90 + 1/60);
    -1/60, -1/90, (1/180 + 1/90 + 1/60);
    -1, 2/3, 1/3];

b = [2; 0; 0];

% evaluate:
x = A\b