% specify:
A = [(1/250 + 1/50 + 1/150), -60/150;
    1/250, 1];

b = [24/250; 24/250];

% evaluate:
x = A\b