% specify:
A = [10, -13, 0;
    -8, 13, -4;
    0, -63, 220];

b = [0; 0; 9600];

% evaluate:
x = A\b