% specify:
A = [1, 0, 1, 1, 0, 0;
    1, -1, 0, 0, 0, 0;
    0, 0, 0, 1, -1, -1;
    0, 0, 0, 0, 1, 0;
    3, 4, -3, 0, 0, 0;
    0, 0, -3, 6, 2, 0];

b = [0; -2; 0; 9; 20; 0];

% evaluate:
x = A\b